%YAML:1.0
calibration_time: "Thu Dec  4 10:31:28 2014"
rotation matrix: !!opencv-matrix
   rows: 3
   cols: 3
   dt: d
   data: [ 9.9984755688188409e-01, -7.2421827552744493e-04,
       1.7445300376233552e-02, 7.4908907566518894e-04,
       9.9999871243524374e-01, -1.4191523566401902e-03,
       -1.7444250138207187e-02, 1.4320041005633978e-03,
       9.9984681201740677e-01 ]
translation matrix: !!opencv-matrix
   rows: 3
   cols: 1
   dt: d
   data: [ -5.2359222228778743e-02, -2.1225091776675036e-04,
       -3.5871707732988696e-03 ]
essential matrix: !!opencv-matrix
   rows: 3
   cols: 3
   dt: d
   data: [ 6.3896685404108684e-06, 3.5868622103996167e-03,
       -2.1730914533345201e-04, -4.4999913034017682e-03,
       7.7576515565382328e-05, 5.2288622153514326e-02,
       1.7299684019311893e-04, -5.2359308528883181e-02,
       7.8008494633390984e-05 ]
fundamental matrix: !!opencv-matrix
   rows: 3
   cols: 3
   dt: d
   data: [ -2.6636940145645524e-09, -1.4958501248061541e-06,
       9.0258021041470491e-04, 1.8777442900559247e-06,
       -3.2383398793910185e-08, -2.4312498831141331e-02,
       -8.0783455537693954e-04, 1.6314744604634310e-02, 1. ]
avg_reprojection_error: 5.5610766660402466e-01
