%YAML:1.0
calibration_time: "Thu Dec  4 10:31:26 2014"
image_width: 1920
image_height: 1080
board_width: 6
board_height: 9
square_size_: 2.5000000372529030e-02
flags: 0
camera_matrix: !!opencv-matrix
   rows: 3
   cols: 3
   dt: d
   data: [ 1.0327407219495085e+03, 0., 9.5685930301206076e+02, 0.,
       1.0323427647512485e+03, 5.3914133979587950e+02, 0., 0., 1. ]
distortion_coefficients: !!opencv-matrix
   rows: 1
   cols: 5
   dt: d
   data: [ 2.0429028189430772e-02, -7.8399448855923665e-03,
       -3.0949667668667908e-03, 2.1848647826377197e-03,
       -5.2344198896187882e-02 ]
avg_reprojection_error: 2.5325187826477646e-01
